16021712
16021985
16022165
16022291
16022703
16022845
16023235
16023289
16023687
16082357
16021089
16021192
16021364
16021555
16021589
16021600
16022239
16022519
16023515
16082141
16082277
16021608
16021952
16022299
16022463
16022522
16022895
16023313
16023663
16023684
16023792
16082137
16082153
16021078
16021191
16021331
16021448
16021497
16021851
16021859
16022251
16022904
16023603
16082073
16082136
16082162
16082251
16082299
16021079
16021167
16022187
16022511
16023026
16023034
16023203
16023423
16082352
16021419
16021895
16021901
16021932
16022035
16022088
16022869
16023261
16023350
16023476
16023519
16082012
16082031
16082121
16082231
16022060
16022122
16022687
16023284
16023300
16023662
16023843
16082024
16082064
16021588
16022346
16022448
16022688
16023177
16023231
16023391
16023751
16082290
16021211
16021212
16021494
16021673
16021699
16021917
16022109
16022117
16022246
16022459
16022860
16023172
16023181
16023812
16082098
16082150
16021443
16021711
16021879
16022419
16022514
16022625
16023091
16023337
16023587
16023870
16082051
16082155
16021503
16021964
16022210
16022426
16022536
16022597
16022945
16023144
16023286
16023577
16023745
16082037
16082192
16082362
16021122
16021357
16021414
16021954
16022588
16022898
16023262
16023590
16023604
16082013
16021327
16021531
16021781
16021925
16022221
16022530
16022570
16022716
16022828
16022941
16023246
16023314
16023375
16023462
16023500
16023671
16023696
16023702
16082248
16021205
16021362
16021646
16021652
16021762
16021801
16021991
16022241
16022430
16022646
16022669
16022864
16022971
16023160
16023360
16023615
16082049
16021576
16021857
16021908
16022364
16022564
16023224
16023315
16023725
16023886
16023891
16082000
16082011
16082015
16082078
16021064
16021380
16021455
16021539
16021543
16022224
16022283
16022368
16022602
16022696
16022743
16022843
16022996
16023713
16023907
16082092
16082118
16021374
16021700
16022138
16022184
16022249
16022319
16022849
16023074
16023887
16021595
16021802
16022179
16022782
16022881
16022940
16022966
16023201
16023401
16023652
16023908
16082047
16082268
16021093
16021112
16021447
16021906
16022001
16022506
16022629
16022647
16023171
16023207
16023665
16023795
16023855
16082262
16021096
16021287
16021445
16021571
16022320
16022386
16022640
16022954
16023324
16023479
16023592
16023596
16023697
16021074
16021449
16021682
16022206
16022792
16023245
16023532
16023774
16023835
16082326
16021125
16021234
16021308
16021346
16021950
16022462
16022642
16022686
16022908
16022930
16023068
16023342
16023448
16023600
16023607
16023723
16023733
16023836
16081994
16082342
16021248
16021324
16021338
16021586
16021740
16021852
16021853
16021863
16022470
16022664
16023057
16023547
16082045
16021121
16021271
16021829
16021914
16022638
16022865
16022889
16023148
16023894
16082016
16082123
16021257
16021366
16021511
16022118
16022423
16022471
16022731
16022732
16022862
16022907
16023366
16023469
16023506
16023560
16023710
16023730
16082145
16021154
16021430
16021825
16022208
16022256
16023058
16023083
16023168
16023412
16023470
16023542
16023586
16023650
16023794
16021127
16021267
16021302
16021482
16021836
16022183
16022233
16022297
16022357
16022537
16022544
16022811
16022905
16023176
16023195
16023385
16023511
16023848
16021077
16021199
16021577
16021844
16022240
16022397
16022738
16022836
16022914
16023238
16023444
16023630
16023647
16023797
16021063
16021609
16022052
16022076
16022259
16022307
16023045
16023094
16023606
16023618
16023657
16023834
16082039
16021881
16021909
16021934
16022505
16022516
16022774
16023056
16023780
16023880
16082106
16021158
16021529
16021848
16023123
16023591
16021239
16021640
16022243
16022315
16022494
16022539
16022617
16023103
16023186
16023740
16082100
16082275
16021279
16021424
16021694
16022090
16022717
16022922
16022936
16023054
16023305
16023472
16023478
16082023
16021103
16021242
16021309
16022038
16022043
16022189
16022198
16022478
16022875
16023199
16023446
16023576
16082255
16021217
16021593
16021629
16022787
16022814
16022837
16022885
16023110
16023126
16023258
16023503
16023673
16021960
16022034
16022056
16022565
16022654
16023239
16023593
16023646
16023918
16026005
16082180
16082221
16021659
16021891
16021928
16022024
16022713
16022984
16023449
16082125
16082230
16021069
16021203
16021347
16021418
16021472
16021495
16021635
16021898
16021962
16022071
16022203
16022935
16022948
16023387
16023634
16023636
16023749
16082108
16021290
16021915
16022171
16022356
16022801
16023076
16023402
16023530
16021221
16021283
16021489
16021512
16021792
16022656
16023065
16023170
16023256
16023539
16023541
16023623
16023892
16082139
16021209
16021272
16021536
16021944
16022028
16023225
16023400
16023628
16023681
16082154
16021383
16021386
16021587
16021735
16021850
16022195
16022659
16022698
16023004
16023335
16023404
16023453
16023717
16023814
16023846
16082276
16082365
16021378
16021506
16021922
16022046
16022072
16022168
16022526
16022675
16022807
16022817
16023118
16023169
16023356
16023736
16023822
16023833
16023837
16082027
16082168
16082371
16021060
16021076
16021400
16021572
16021747
16022197
16022648
16022740
16022764
16023012
16023215
16023320
16023341
16023475
16023689
16082002
16082220
16021514
16021972
16021981
16022120
16022263
16022490
16023072
16023504
16023881
16021087
16021464
16021877
16021943
16021978
16022247
16022303
16022427
16022592
16022631
16022762
16023019
16023411
16023536
16023620
16082242
16021229
16021791
16021843
16022395
16022699
16022720
16022840
16023452
16023632
16082042
16082199
16021262
16021403
16021537
16021657
16021716
16021994
16022022
16022543
16022561
16022677
16022694
16022786
16022906
16023143
16023454
16023585
16023675
16023808
16082008
16021610
16021671
16021689
16022100
16022366
16023851
16082372
16021145
16021181
16021435
16021473
16021664
16021761
16021948
16022282
16022460
16022604
16022851
16022861
16023597
16023831
16082224
16082271
16082287
16021803
16021864
16022284
16022876
16023090
16023210
16023445
16023626
16023705
16023806
16082072
16082294
16021562
16021645
16021666
16022004
16022204
16022435
16022507
16022524
16023204
16021382
16021505
16021990
16021997
16022067
16022152
16023175
16023489
16023642
16023906
16082261
16021102
16021298
16021650
16021672
16021783
16022681
16082007
16021251
16021336
16021381
16021479
16021849
16022013
16022278
16022926
16023422
16023611
16023614
16082066
16082094
16082234
16021545
16021842
16021861
16022341
16023714
16023800
16082344
16021458
16021471
16021607
16021720
16021835
16022192
16022829
16023212
16023386
16023613
16023668
16082172
16082361
16021515
16022026
16022042
16022089
16022225
16022345
16022626
16022702
16022773
16022892
16022896
16022946
16023119
16023230
16023364
16023370
16023381
16023408
16082053
16082184
16082282
16021563
16021767
16021854
16022084
16022469
16022523
16022855
16022919
16023111
16023149
16023348
16023495
16023529
16082321
16021104
16022637
16022897
16023024
16023365
16023486
16023704
16082109
16082317
16021249
16021387
16021409
16021462
16021661
16021695
16022059
16022475
16022799
16023414
16023455
16023608
16023828
16082033
16021285
16021323
16021590
16021647
16021655
16021856
16021940
16022064
16022236
16022559
16022721
16023129
16023534
16023875
16082175
16082312
16021130
16021259
16021342
16021510
16021965
16022673
16022748
16023020
16023153
16023266
16023862
16023883
16082263
16021233
16021301
16021417
16022020
16022146
16022267
16022388
16022593
16022806
16023352
16062853
16082111
16082198
16021141
16021144
16021183
16021250
16021517
16021519
16021551
16021552
16021678
16022095
16022321
16022458
16022723
16022752
16022915
16023399
16023437
16023537
16023629
16023915
16082319
16021224
16021377
16021775
16021930
16021999
16022003
16022194
16022586
16022708
16022992
16023185
16023424
16082103
16082207
16082223
16021658
16021949
16022085
16022312
16022594
16022745
16023121
16023397
16023648
16082375
16021195
16021741
16021807
16021890
16022111
16022261
16022324
16022854
16023156
16023544
16023581
16023890
16021584
16021724
16022407
16022424
16022987
16023009
16023264
16023484
16023655
16023670
16082203
16082373
16021405
16022512
16022760
16022795
16023192
16023242
16023276
16023492
16023711
16021128
16021150
16021275
16021372
16021617
16022098
16022108
16022141
16022232
16022700
16023182
16037005
16082052
16021108
16021412
16021865
16021866
16022326
16022528
16022800
16023278
16021530
16021731
16022269
16022408
16023502
16023552
16023858
16082138
16082367
16021328
16021533
16021625
16021632
16021665
16021715
16021905
16022653
16023000
16023345
16023527
16023640
16023832
16082127
16082300
16082341
16021307
16022274
16022621
16022947
16023285
16023827
16023864
16021296
16021933
16021938
16022032
16022491
16022557
16022667
16022766
16023077
16023102
16023793
16023802
16021207
16021408
16021427
16022202
16022710
16022902
16082107
16082194
16082343
16021393
16021456
16021500
16021680
16021719
16021889
16021993
16022170
16022242
16022932
16023474
16023548
16023584
16023760
15993648
16021185
16021260
16021469
16021698
16021742
16022039
16023310
16023346
16023354
16082190
16021106
16021110
16021194
16021373
16021998
16022329
16022367
16022943
16023015
16023022
16023554
16023761
16023898
16082026
16082104
16082187
16082205
16021425
16021547
16021622
16021732
16021819
16022497
16022499
16022577
16022582
16022609
16022899
16023036
16023471
16023525
16023667
16023810
16068006
16082032
16082050
16082159
16021124
16021157
16021693
16022129
16022294
16022327
16022444
16022529
16022979
16022993
16082069
16082208
16021247
16021585
16021603
16021748
16022336
16022649
16022824
16023232
16023233
16023708
16023807
16021086
16021348
16022476
16022515
16022518
16022623
16022751
16022995
16023052
16023061
16023432
16023517
16023594
16082101
16082218
16021353
16021527
16021583
16021594
16021621
16022229
16022815
16023255
16082091
16082096
16082376
16021115
16021554
16021984
16022023
16023302
16023406
16023531
16023809
16021255
16021467
16021568
16021654
16021674
16021721
16023070
16023082
16023163
16023599
16023826
16082083
16021066
16021120
16021246
16021396
16021451
16021483
16022228
16022452
16022473
16022525
16022540
16022679
16022975
16023442
16082269
16021426
16021440
16021582
16021662
16021676
16021714
16022057
16022955
16023304
16023533
16023575
16023693
16021142
16021147
16021261
16021273
16021433
16021436
16021481
16022000
16022066
16022092
16022276
16022387
16022644
16022990
16023228
16023394
16023709
16023712
16023867
16082135
16021420
16021450
16021557
16021580
16021634
16021755
16021855
16022079
16022153
16022411
16022569
16022759
16022794
16022969
16023485
16023522
16023610
16023724
16082267
16082293
16021067
16021508
16021564
16022472
16023190
16023753
16021319
16022110
16022148
16022467
16022510
16023006
16023050
16023114
16023164
16023237
16023420
16082076
16082117
16021068
16021286
16021333
16021345
16021460
16021830
16021983
16022205
16022457
16022583
16022719
16022816
16023130
16023158
16082084
16021196
16021465
16021559
16021598
16021734
16021936
16082034
16082081
16082325
16021356
16021398
16021611
16021942
16022337
16022391
16022707
16022750
16023104
16023178
16023309
16023373
16023493
16023782
16082211
16082286
16021174
16021631
16021648
16021832
16021887
16022019
16022265
16022495
16022560
16022726
16023046
16023128
16023165
16023189
16023510
16023672
16082164
16082213
16082305
16021281
16021335
16021935
16021957
16022502
16022517
16022744
16023273
16023523
16023645
16023866
16082176
16021254
16021310
16021375
16021782
16022055
16022069
16023040
16023292
16023716
16067759
16082160
16021442
16021633
16022048
16022182
16022227
16022377
16022880
16022901
16023496
16023845
16021507
16021606
16021772
16021817
16021924
16022580
16022599
16022608
16023338
16023340
16023787
16023829
16082093
16082113
16082346
16021265
16021385
16021410
16021570
16021604
16021697
16022285
16022566
16022573
16022960
16023556
16023601
16023627
16023775
16023885
16082128
16082134
16082281
16082285
16021126
16021187
16021315
16021541
16021619
16022355
16022532
16022850
16022893
16023027
16023069
16023216
16023221
16023871
16021268
16021337
16021459
16021784
16022149
16022757
16023105
16023202
16023323
16023501
16023743
16082189
16082363
16021320
16021961
16022045
16022128
16022280
16022409
16022488
16022504
16022736
16022802
16023217
16023227
16023653
16023685
16023722
16023888
16021204
16021293
16021470
16022453
16022813
16022924
16022962
16023005
16023089
16023174
16023744
16021550
16021601
16021966
16021976
16022006
16022025
16022596
16022666
16022983
16023021
16023277
16082046
16082146
16082182
16021218
16021292
16021446
16021476
16021499
16022161
16022810
16023180
16023293
16023439
16023860
16023902
16082158
16082196
16082252
16021605
16022335
16022451
16022548
16022554
16022598
16022822
16022956
16023003
16023271
16023516
16023555
16023718
16023764
16023897
16021235
16021513
16022235
16022381
16023055
16023092
16023157
16023359
16021094
16021903
16021955
16022186
16022273
16022293
16022587
16022693
16022714
16022974
16023018
16023208
16023260
16023456
16023574
16021075
16021179
16021368
16021549
16021578
16021733
16021754
16022164
16022513
16023290
16023384
16073005
16082090
16082217
16082264
16082301
16021153
16021329
16022789
16022877
16022950
16023062
16023440
16023499
16082009
16021111
16021176
16021316
16021725
16022479
16023031
16023625
16023756
16023861
16023893
16082318
16021518
16021744
16021876
16022074
16022363
16023016
16023241
16023481
16023879
16082289
16082370
16021137
16021164
16021376
16021769
16021959
16022094
16022115
16023409
16023680
16082209
16021941
16022091
16022144
16022431
16022579
16022831
16023421
16082338
16082374
16021159
16021236
16021350
16021628
16021810
16022176
16022778
16022977
16023198
16023363
16023491
16023818
16082130
16082303
16082332
16021091
16021321
16021468
16022174
16022292
16022951
16023085
16023333
16023372
16023728
16082313
16021263
16021330
16022325
16022645
16022718
16022780
16023010
16023113
16082225
16021062
16021113
16021114
16021184
16021951
16022009
16023243
16023410
16082060
16082074
16082259
16082360
16021822
16022139
16022166
16022351
16022412
16022658
16022690
16023053
16023079
16023194
16023351
16023538
16023572
16023830
16082348
16021544
16021726
16021760
16022313
16022482
16022991
16023044
16023788
16023803
16023820
16023912
16021332
16021404
16021639
16021886
16022157
16022279
16022449
16022709
16023120
16023889
16082057
16082202
16082228
16021244
16021339
16021800
16022123
16022173
16022317
16022342
16022399
16022535
16022835
16023067
16023248
16023465
16023637
16023757
16023841
16023899
16082088
16082120
16021379
16021641
16021651
16021704
16021750
16021870
16022733
16022821
16022858
16022891
16023117
16023311
16023443
16082087
16082274
16021231
16021360
16021969
16022082
16022207
16022375
16022429
16022963
16023106
16023616
16023678
16023690
16023759
16082355
16021136
16021269
16021478
16021838
16021888
16022373
16022379
16023025
16023041
16023100
16023218
16023441
16023750
16082110
16082119
16082171
16021190
16021642
16021688
16021979
16022005
16022223
16022277
16022483
16023152
16023247
16023674
16023882
16082035
16082105
16082142
16021090
16021488
16022521
16022546
16022620
16022636
16023115
16023447
16023776
16021241
16021736
16021880
16022547
16022781
16023813
16082085
16082140
16082173
16082307
16021538
16021592
16022063
16022394
16023136
16038006
16021349
16021785
16021790
16021815
16022041
16022401
16022422
16022691
16023580
16021148
16021352
16021389
16021399
16021474
16021713
16022214
16022302
16022396
16022437
16022657
16022755
16022797
16022856
16023028
16023151
16023281
16023306
16023329
16023692
16023726
16082210
16021215
16021597
16021845
16021860
16021883
16022014
16022040
16022456
16022605
16022952
16023064
16023295
16023301
16023367
16023513
16023765
16023911
16082258
16021278
16022295
16022334
16022788
16022832
16022900
16023398
16023450
16082296
16021140
16021256
16021402
16021546
16021581
16021751
16021786
16021988
16022485
16022980
16023763
16082018
16021133
16021963
16022234
16022296
16022432
16022611
16022874
16022988
16023205
16023427
16023742
16082201
16021722
16022226
16022286
16022383
16022676
16022871
16023002
16023188
16023244
16023520
16023769
16023839
16023872
16082126
16082151
16082157
16082240
16021202
16021206
16021258
16021599
16021753
16022441
16022635
16023049
16023097
16023140
16023167
16023464
16023785
16082080
16082115
16082246
16021188
16021746
16021828
16022027
16022558
16022913
16023312
16023392
16023661
16023869
16082336
16021099
16021105
16021317
16021438
16021466
16021480
16021534
16021684
16021765
16021826
16021882
16022142
16022188
16022933
16022953
16023086
16023101
16023781
16023784
16082193
16082260
16082369
16021161
16021166
16021208
16021300
16021306
16021490
16021520
16021837
16021900
16021974
16022190
16022330
16022438
16022684
16022925
16023654
16023682
16023905
16021118
16021168
16021169
16021252
16021371
16021485
16021869
16022127
16022619
16023254
16023299
16023786
16023877
16082310
16021738
16022049
16022712
16023377
16023789
16023825
16082044
16082200
16021937
16021995
16022133
16022585
16023155
16023291
16023656
16082030
16021243
16021730
16022220
16022250
16022252
16023159
16023263
16023429
16082129
16022017
16022106
16022358
16022562
16022753
16023141
16023487
16023566
16023772
16082212
16021770
16021878
16021911
16021953
16022734
16011276
16021311
16021370
16021523
16021696
16021780
16022270
16022352
16022402
16022668
16022685
16022749
16022777
16023358
16023551
16021197
16021394
16021522
16021804
16021939
16022086
16022986
16023043
16023914
16031395
16021411
16021566
16021675
16021793
16021896
16021926
16021987
16022080
16022245
16023127
16023528
16023641
16023762
16082351
16021238
16022169
16022196
16022209
16022264
16022615
16022665
16022859
16023473
16023821
16021502
16021575
16021867
16021927
16022130
16022288
16022553
16022606
16023063
16023173
16023206
16023319
16023460
16082236
16021084
16021461
16021542
16021620
16021691
16022260
16022791
16023099
16023419
16023558
16082222
16082249
16082266
16021341
16021391
16021591
16022340
16022442
16022534
16022838
16022879
16022999
16023047
16023059
16023081
16023095
16023490
16023798
16021277
16022175
16022474
16022682
16022697
16022939
16023033
16023142
16023483
16082022
16082170
16082377
16021070
16021266
16022135
16022359
16022674
16022798
16023093
16023275
16023380
16082243
16021415
16022054
16022058
16022077
16022096
16022369
16022662
16022772
16022819
16022972
16023139
16023706
16082191
16021065
16021660
16021668
16021690
16021907
16022145
16022308
16022385
16022393
16022484
16022531
16022730
16023150
16023200
16023268
16023707
16023768
16023876
16021139
16021220
16021556
16022081
16022300
16022741
16023379
16023563
16023699
16082029
16082265
16082330
16082354
16021444
16021553
16021558
16021873
16022994
16082298
16021245
16021369
16021516
16021535
16021913
16021996
16022578
16022616
16023382
16023509
16082065
16082149
16021326
16021493
16021774
16022044
16022663
16022756
16022973
16022998
16023355
16023468
16023777
16082017
16082043
16082329
16021072
16021225
16021367
16021613
16021834
16022097
16022114
16022163
16022177
16022552
16022589
16022758
16022808
16022886
16023035
16023303
16023383
16023494
16023588
16023819
16023901
16082014
16021304
16021406
16021416
16021729
16022113
16022185
16022254
16022333
16022403
16022501
16023154
16023339
16023570
16023816
16023844
16082097
16082112
16082229
16082306
16022498
16022584
16022603
16022771
16022793
16022834
16022949
16023183
16023605
16021200
16021884
16021989
16022610
16023051
16023211
16023428
16023463
16023612
16023622
16023683
16082239
16082340
16021143
16021365
16021624
16021971
16022322
16022332
16023214
16023431
16023561
16023732
16021354
16022068
16022328
16022344
16022371
16022425
16023138
16023226
16023438
16023754
16023811
16023852
16021669
16021717
16021885
16021986
16022218
16022420
16022433
16022468
16023197
16023318
16023403
16023413
16023916
16082001
16082071
16082214
16082241
16021082
16021223
16021344
16021390
16021709
16021874
16022199
16022410
16022600
16022958
16023250
16023540
16023748
16082124
16021180
16021237
16021392
16021681
16021823
16021967
16022150
16022304
16022365
16022477
16022627
16023107
16023567
16023583
16021219
16021686
16021904
16021918
16021958
16022158
16022549
16023029
16040005
16065005
16021165
16021701
16022314
16022722
16022820
16023294
16023368
16023524
16023526
16082004
16021280
16021407
16021811
16021892
16022134
16022271
16082133
16082297
16021189
16021213
16021395
16021429
16021573
16021710
16021718
16021758
16021766
16022012
16022137
16023325
16023850
16021116
16022031
16022140
16022298
16022309
16022370
16022545
16022928
16023008
16023017
16023125
16023326
16023467
16023565
16023874
16082183
16082270
16021227
16021638
16021794
16021921
16022011
16022290
16022909
16022997
16023122
16023132
16023137
16023549
16081998
16082186
16082237
16082257
16082284
16082328
16021162
16021452
16021560
16021616
16022639
16022857
16022965
16023349
16023727
16082054
16021198
16021627
16021670
16021820
16022614
16022827
16023088
16023307
16023480
16023790
16023917
16082025
16082245
16082292
16021171
16022212
16022255
16022650
16022754
16023013
16023166
16023361
16023435
16023703
16023910
16082131
16021422
16021685
16021756
16021839
16022613
16022803
16022809
16023135
16023582
16023676
16082055
16082254
16021175
16021322
16022380
16022428
16022464
16022595
16022916
16022920
16023458
16023691
16023737
16021615
16021708
16021812
16022985
16023191
16023321
16023347
16023498
16023738
16023842
16023854
16023859
16021156
16021222
16021288
16021343
16021428
16022417
16022572
16022804
16023234
16023296
16023336
16082063
16082314
16021312
16021340
16021432
16021626
16021778
16021893
16021947
16022360
16022607
16023098
16023686
16021095
16021413
16022061
16022102
16022262
16022347
16022486
16022989
16023145
16023477
16023535
16023660
16081997
16082283
16082356
16021351
16021548
16021821
16021871
16022008
16022154
16022354
16022418
16022728
16022769
16023595
16023694
16023752
16081999
16021787
16022030
16022257
16022310
16022439
16022563
16022670
16022706
16022934
16023219
16023330
16023546
16023741
16021614
16021868
16021894
16021929
16022272
16022481
16022575
16022917
16023133
16023288
16023573
16023739
16023770
16082316
16082333
16021526
16021667
16021728
16021757
16022374
16022704
16022882
16022957
16023729
16082280
16021100
16021131
16021872
16021977
16022062
16022093
16022143
16022230
16022237
16022268
16022447
16022527
16022542
16022746
16023505
16023783
16082256
16082304
16021073
16021085
16021088
16021795
16022238
16022372
16022493
16022784
16022937
16023038
16023184
16023369
16023389
16023621
16023658
16021092
16021439
16021491
16022036
16022104
16022556
16023116
16023327
16023388
16082082
16082253
16022339
16022695
16022783
16023007
16023187
16023374
16023856
16082204
16082233
16021453
16021764
16022931
16082058
16082295
16082334
16021132
16021186
16021295
16021423
16022070
16022101
16022167
16022641
16022711
16022790
16023265
16023272
16023779
16082185
16082315
16021270
16021643
16021723
16022216
16022361
16022624
16022689
16022878
16023269
16023395
16023635
16023771
16023791
16023853
16023903
16023909
16082116
16082216
16082232
16082244
16082308
16082345
16021361
16021970
16022016
16022440
16022466
16022729
16022737
16023179
16023270
16023564
16023700
16023849
16082181
16082288
16021163
16021284
16021437
16021692
16021805
16022162
16022450
16022455
16022503
16022775
16022823
16023251
16023334
16023451
16023799
16023838
16082320
16021840
16022496
16022601
16022680
16023039
16023589
16023659
16023895
16082122
16082174
16082227
16021107
16021134
16021975
16022050
16022160
16022508
16022568
16022785
16023252
16023259
16023416
16023805
16082114
16021567
16022083
16022180
16022384
16022400
16022768
16023066
16023080
16023568
16082331
16082364
16021434
16021636
16022007
16022021
16022287
16022390
16023075
16023317
16023466
16023715
16082102
16082226
16021484
16021521
16021706
16021707
16021875
16022701
16022818
16022842
16023124
16023518
16023543
16023695
16082132
16082156
16082368
16021388
16021561
16021618
16021788
16022213
16022318
16022655
16022847
16023084
16023161
16023405
16021910
16021992
16022151
16022353
16022416
16022489
16022541
16022770
16022868
16023014
16023096
16023240
16023633
16023747
16023758
16023896
16082323
16022765
16023638
16081996
16082086
16082247
16021061
16021135
16021138
16021325
16021677
16021956
16022051
16022289
16022480
16022533
16022763
16023134
16023162
16023287
16023343
16023357
16023457
16023873
16082041
16082161
16022628
16022812
16022872
16023030
16023257
16023344
16023390
16023746
16082056
16082215
16082278
16082353
16021401
16021477
16021612
16021919
16022421
16022630
16023418
16051126
16082021
16021080
16021294
16021297
16022053
16022075
16022156
16022305
16022929
16023847
16082347
16021814
16021818
16021912
16022574
16022634
16023222
16023236
16023371
16023801
16023840
16082166
16021178
16021289
16021496
16021501
16021602
16021796
16022002
16022266
16022921
16023193
16023767
16082005
16082178
16021170
16021623
16021973
16022217
16022465
16022852
16022944
16022982
16023032
16023316
16023407
16023482
16023679
16023698
16082279
16021081
16021980
16022178
16022316
16022398
16022454
16022461
16022866
16023322
16023378
16023602
16023863
16082143
16082327
16021172
16021687
16022119
16022136
16022492
16022683
16022796
16022912
16023823
16082273
16082291
16021525
16021816
16022159
16022258
16022414
16022825
16022970
16021355
16021776
16022015
16022632
16022883
16023196
16023283
16023545
16023639
16023688
16023701
16023766
16023778
16082048
16082335
16021058
16021274
16021463
16021773
16022193
16022219
16023087
16023436
16023651
16082003
16082309
16021155
16021752
16022029
16022172
16022406
16022671
16022867
16022887
16023060
16023112
16023131
16023415
16081995
16082349
16021152
16021847
16022065
16022121
16022415
16022520
16022571
16022942
16023209
16023279
16023297
16023488
16023624
16023755
16023884
16082148
16021146
16021363
16022742
16022826
16022888
16022911
16023331
16023430
16023719
16082061
16082250
16021228
16021264
16021827
16021831
16021931
16022105
16022131
16022132
16022311
16022776
16022833
16023280
16023353
16023677
16082337
16021318
16021637
16021897
16021946
16022338
16022487
16022555
16022591
16022976
16023796
16023878
16082079
16082147
16082177
16082188
16082206
16021097
16021149
16021777
16022033
16022253
16022323
16022550
16022846
16022873
16022890
16023108
16023913
16041005
16021253
16021579
16021759
16021768
16022350
16023249
16023512
16023773
16023904
16082010
16021532
16021540
16022099
16022126
16022761
16023011
16023023
16023609
16023666
16023735
16082358
16082366
16021201
16021384
16021574
16021797
16022331
16022841
16022894
16023417
16021071
16021177
16021305
16021475
16022918
16022959
16022961
16022968
16023001
16023071
16023223
16023229
16023497
16023213
16023425
16023553
16023598
16023631
16023664
16023721
16021240
16021644
16021683
16022200
16022222
16022281
16022446
16022923
16023644
16021101
16021739
16022805
16023559
16082036
16021117
16021299
16021498
16021565
16021703
16022201
16023037
16023109
16023282
16082169
16082195
16082238
16021630
16021899
16021920
16022509
16022651
16023619
16023919
16082006
16021109
16021276
16021359
16021431
16021743
16022306
16022362
16022938
16023433
16023434
16082062
16082068
16021504
16021813
16021841
16022010
16022018
16022275
16022445
16022538
16022672
16022678
16023426
16023557
16082070
16082089
16021123
16021230
16022376
16023253
16023393
16023900
16082165
16082311
16021397
16021808
16022392
16022652
16022660
16022715
16023078
16023220
16023274
16023569
16023578
16023649
16023817
16021226
16021524
16021649
16021653
16021799
16021833
16021902
16022147
16022622
16022767
16022844
16023396
16023514
16082019
16082324
16022124
16022349
16022500
16022576
16022779
16023308
16023720
16021129
16021151
16021173
16021457
16021487
16021798
16021982
16022078
16022112
16022231
16022343
16022378
16022404
16022848
16023298
16082179
16082219
16021210
16021216
16021509
16021656
16021679
16021809
16021923
16022567
16023562
16023669
16082059
16082067
16082152
16082350
16021059
16021916
16022087
16022215
16022413
16022633
16022739
16022870
16023579
16082339
16082359
16021303
16021596
16021745
16022727
16022863
16023042
16023048
16023146
16023332
16023521
16023815
16081992
16082028
16082302
16021291
16021314
16021763
16021858
16021862
16022107
16022125
16022181
16022301
16023508
16082040
16021421
16022389
16022910
16022967
16082272
16021214
16021702
16022434
16022978
16023267
16023571
16023804
16082077
16082163
16021098
16021569
16021727
16021789
16022047
16022211
16022839
16023734
16081993
16082020
16082099
16021119
16021282
16021486
16021663
16022037
16022155
16022581
16022612
16022927
16023147
16023376
16023459
16023643
16023824
16082144
16082235
16021083
16021705
16022103
16022405
16022724
16022747
16022981
16023362
16023731
16023857
16082038
16082167
16082197
16082322
16021160
16021182
16021771
16021779
16021846
16021945
16022191
16022248
16022348
16022590
16022903
16023073
16023550
16082075
16082095
16021232
16021313
16021334
16021441
16021454
16021492
16021737
16021806
16022073
16022705
16022884
16023507
16023868
16021193
16021528
16022244
16022443
16022618
16022643
16022661
16022692
16022735
16022830
16022964
16023461
16039006
16021358
16021749
16021824
16021968
16022116
16022382
16022436
16022551
16022725
16022853
16023328
16023617
16023865